80.7672	
63.24	
56.5292	
55.345	
51.95	
52.4238	
52.3448	
50.45	
52.5026	
54.4766	
51.7132	
49.1078	
49.5026	
48.3972	
48.1604	
47.3708	
47.3708	
46.1076	
48.1604	
45.8708	
48.0814	
46.5812	
57.8714	
45.7128	
46.5814	
45.3182	
46.6602	
44.6076	
44.4496	
43.818	
44.8444	
43.3444	
45.0812	
42.8706	
42.7128	
43.7392	
43.1076	
43.4232	
43.4232	
10.0268	
4.816	
4.3424	
4.3424	
4.1054	
4.1056	
4.0266	
4.1056	
4.0266	
4.0266	
3.8688	
3.8686	
3.8686	
3.8686	
3.9474	
3.9476	
3.8686	
3.8686	
4.1844	
3.8686	
3.8686	
3.8686	
3.8686	
3.8686	
3.8688	
4.0264	
3.9476	
3.8686	
3.8686	
3.8686	
3.8686	
3.8686	
3.8688	
3.9476	
3.8686	
3.7898	
4.2634	
3.8688	
3.8686	
3.8688	
3.8686	
3.8686	
3.8686	
3.7898	
3.8686	
3.8686	
3.8686	
3.8686	
3.9476	
3.8686	
3.8686	
3.8686	
3.8686	
3.8686	
4.658	
3.8686	
3.8686	
3.8686	
3.8686	
3.8686	
3.8686	
	
------------------------- 	
	
356.7814	
246.802	
233.1436	
289.8306	
319.5952	
374.7032	
411.3368	
428.785	
440.154	
151.4288	
121.585	
123.2432	
121.98	
126.1644	
136.1122	
192.6414	
171.8772	
156.2448	
170.1404	
173.93	
162.482	
163.6662	
166.9822	
162.7978	
163.1926	
178.2722	
181.1146	
190.5888	
190.352	
192.7204	
195.3256	
197.4574	
198.5628	
207.4054	
214.1952	
236.6962	
252.0918	
243.723	
242.4598	
240.9598	
242.302	
250.197	
247.2758	
266.3032	
268.7506	
272.698	
270.7244	
276.409	
286.3568	
319.8322	
299.0678	
286.0408	
308.621	
334.3592	
305.1472	
300.8048	
306.7262	
297.6468	
292.9098	
304.1208	
294.7256	
291.8044	
292.1992	
313.9898	
313.8318	
295.515	
302.5418	
304.6734	
309.9632	
310.8316	
317.9372	
307.121	
313.674	
314.7792	
316.2792	
313.674	
320.3848	
316.9898	
321.9638	
325.6744	
323.9376	
331.28	
364.5976	
343.0438	
347.623	
367.9134	
354.5706	
344.0702	
349.6758	
342.807	
340.5964	
343.1228	
342.9648	
347.3862	
347.8598	
349.8336	
352.281	
356.8602	
356.0708	
4235.5848	
