18.0798	
170.535	
188.299	
272.1456	
283.1196	
129.4014	
147.0074	
177.7986	
201.9578	
230.0642	
261.408	
294.0938	
320.5426	
227.9326	
200.2996	
219.406	
243.802	
264.2504	
301.2784	
324.5692	
338.0698	
364.4398	
393.7306	
449.3124	
468.5766	
526.8428	
539.0802	
597.5832	
603.5834	
682.6926	
677.482	
773.8028	
813.989	
846.7538	
930.4422	
976.7078	
1020.21	
1069.0018	
1123.0838	
1095.0558	
1231.0892	
1280.8286	
1299.8558	
1435.0206	
1465.9696	
1550.2896	
1624.6618	
1699.429	
1771.7482	
1803.4868	
1852.6734	
1782.1698	
2037.8936	
2119.6872	
2190.3486	
2261.0102	
2283.985	
2401.7014	
2760.141	
2567.3416	
2579.5002	
2717.0336	
2651.5828	
3082.1048	
2961.1512	
3040.1816	
3125.3702	
3200.0582	
3268.9826	
3363.8822	
3446.6232	
3536.8648	
3573.3404	
3714.1896	
3801.1942	
3894.2778	
3926.253	
4019.7314	
4160.5808	
4271.5866	
4365.1438	
4511.9146	
4542.9426	
4543.9688	
4762.0324	
4778.3756	
4706.5298	
5054.0738	
5027.6252	
5254.2156	
5277.6642	
5383.38	
5361.0368	
5592.5224	
6263.6094	
5805.5332	
5923.3288	
5962.0938	
5815.1652	
6103.4168	
6371.062	
7824.7942	
5803.6384	
5906.512	
5999.5958	
6102.8642	
6214.9752	
6610.9164	
6403.4322	
6504.411	
6599.4684	
6703.5264	
6821.085	
6909.5896	
7014.7528	
7116.6792	
7215.3684	
7331.8216	
11864.0268	
10687.6508	
7740.0794	
7775.8444	
7889.2976	
8003.6982	
8121.8094	
8229.8938	
8342.5576	
8450.0104	
8908.481	
10166.7296	
9063.3838	
9284.6056	
9384.2422	
9469.5888	
9553.83	
9678.494	
9821.8698	
9953.245	
10106.0948	
10234.312	
10364.9764	
10502.5098	
10636.5694	
10786.2612	
10931.295	
11075.776	
12225.2294	
11407.056	
11558.011	
11718.2036	
11912.9766	
12057.063	
12186.3062	
12356.3676	
12900.5798	
12654.962	
12783.3368	
12999.3478	
13125.5122	
13286.0204	
13432.2384	
14030.6112	
13744.4122	
13897.499	
14049.7172	
14709.5932	
14360.7858	
15685.1954	
14779.9388	
14914.7088	
15049.242	
15216.698	
15418.8924	
15548.6096	
15737.2246	
15872.3104	
16548.2922	
16189.9318	
16398.6792	
17208.8786	
17925.8362	
16997.7624	
17118.0056	
17320.279	
17501.0778	
17689.1398	
17888.2554	
18059.185	
18218.0354	
18390.4652	
18518.998	
18701.9284	
18892.5172	
19049.0778	
20376.172	
19569.1306	
19770.6146	
19896.9368	
20034.2334	
20691.6616	
	
------------------------- 	
	
16.8956	
256.7498	
146.0602	
72.3194	
93.6364	
108.1634	
125.2168	
144.1654	
163.1926	
183.562	
202.5102	
222.2482	
243.9598	
260.4608	
280.5142	
299.4626	
320.4638	
338.6226	
359.7816	
377.9404	
404.547	
425.4692	
462.971	
234.6436	
244.4334	
1663.9796	
263.382	
274.0402	
284.7778	
294.8044	
306.5684	
314.7792	
325.8324	
334.4382	
348.2546	
357.8078	
364.9922	
1832.7778	
384.4142	
395.3886	
402.889	
414.8106	
429.3378	
432.9694	
454.2864	
453.2598	
471.2608	
984.366	
482.7088	
494.1568	
504.1836	
517.6844	
523.4478	
533.8694	
542.2382	
552.502	
565.9236	
572.7924	
1152.4534	
625.7688	
603.4256	
614.084	
625.374	
635.7956	
646.9276	
656.481	
667.692	
1628.8464	
686.4824	
698.404	
708.0362	
718.063	
728.0898	
737.2482	
748.775	
761.723	
1120.3994	
1133.3474	
2699.5062	
819.0418	
818.4102	
821.0946	
832.1476	
845.5694	
852.675	
863.5704	
869.9654	
885.361	
2214.5868	
917.81	
929.1002	
935.4162	
942.9166	
932.1004	
942.048	
952.4696	
962.3386	
977.813	
1070.8968	
1575.2382	
3493.6782	
1021.3152	
1026.526	
1037.7372	
1048.5534	
1055.738	
1072.16	
1074.055	
1086.845	
1096.8718	
1106.3458	
2938.2552	
1126.8732	
1134.6106	
1145.5848	
1158.138	
1166.586	
1178.5866	
1189.087	
1198.2454	
1206.851	
1214.5882	
1226.1154	
1939.2832	
3164.451	
1258.5642	
1265.6698	
1273.9598	
1287.934	
1296.382	
1315.3302	
1325.515	
1338.542	
1349.5952	
1383.5442	
4012.1522	
1386.6234	
1400.44	
1410.9404	
1426.7306	
1437.3892	
1446.5476	
1467.6276	
1469.8382	
1479.1546	
1495.2604	
1835.5412	
2119.4504	
4728.4782	
1534.2626	
1543.8156	
1553.7634	
1570.975	
1575.0804	
1591.8182	
1609.3454	
1617.793	
1624.741	
1635.7942	
1649.1368	
2078.1588	
1670.8484	
1684.4282	
1699.1132	
1708.5872	
1717.6666	
1736.3782	
1747.9838	
1759.8268	
1777.9854	
1824.4878	
2328.2768	
3208.7426	
3261.1664	
1824.7248	
1839.4098	
1880.6222	
1858.358	
1867.8322	
1881.175	
1900.5182	
1905.334	
1916.2294	
1926.888	
1937.704	
2686.953	
1967.232	
1971.4952	
1984.3644	
2001.418	
2007.734	
2022.577	
2035.446	
2047.3678	
2057.2366	
2081.2378	
3126.949	
3784.8512	
3813.1948	
3656.476	
