18.08	
158.1396	
180.7986	
221.5376	
289.9094	
264.566	
285.1724	
320.6216	
367.045	
400.9152	
433.2064	
436.5222	
498.657	
327.8062	
343.6754	
358.5972	
127.5854	
91.8994	
96.7944	
100.0316	
100.5842	
104.2158	
113.848	
113.69	
117.9534	
121.901	
128.0592	
131.3752	
108.2424	
108.1634	
112.111	
117.7166	
118.7428	
121.822	
125.8484	
129.3224	
133.191	
140.5336	
141.2442	
148.5864	
152.4552	
156.166	
160.1924	
163.982	
166.7454	
172.035	
175.1932	
177.7986	
180.8778	
184.3516	
188.0624	
191.457	
196.3522	
285.2514	
216.8796	
205.1948	
208.8264	
212.1424	
224.5378	
220.1954	
224.0642	
225.722	
229.7486	
233.3804	
239.8542	
240.9596	
244.2756	
247.7496	
250.7498	
255.4078	
259.1186	
261.645	
264.5662	
272.6982	
273.2508	
276.5668	
279.5668	
282.8828	
286.041	
289.4358	
292.9888	
295.8308	
299.6206	
303.1734	
306.6472	
311.3052	
314.2266	
318.0952	
322.0426	
332.5432	
329.2274	
331.9906	
335.1486	
338.2278	
342.2542	
345.1756	
349.36	
353.1496	
355.5182	
359.3078	
363.6502	
2760.9304	
1203.2984	
937.311	
945.1272	
954.7592	
964.4702	
1273.7228	
951.2854	
966.0494	
963.1282	
974.655	
992.4982	
1009.3936	
1013.2622	
1018.7888	
1039.0794	
1040.5006	
1175.9022	
1277.2758	
1277.0388	
1310.4354	
1514.8404	
1581.0018	
1352.2796	
1362.5432	
1350.4636	
1374.9386	
1720.9826	
2714.1912	
2018.6292	
2361.831	
1533.0784	
1404.8612	
1458.0744	
1430.915	
1446.0738	
1460.9956	
1479.3124	
1488.6286	
1497.0764	
1529.9202	
1520.3672	
1530.7096	
1547.5264	
1576.7384	
1566.001	
2212.6128	
1570.3432	
1581.4754	
1584.6336	
1598.3712	
1606.2662	
1609.4242	
1615.6614	
1620.2406	
1640.5312	
1622.3724	
1644.2418	
1658.611	
1677.0066	
1667.6904	
1678.9016	
1690.3494	
1985.4698	
2105.6338	
2131.6088	
2144.7936	
2161.0578	
2188.0592	
2193.5858	
2207.4022	
2213.4814	
2250.1938	
2251.2202	
2259.1942	
2275.932	
2615.6598	
1838.5412	
1861.5162	
1858.6738	
1889.9386	
1884.333	
1885.754	
1910.071	
1913.2292	
1916.0714	
1923.0982	
1990.7594	
1935.9672	
1954.205	
1966.4424	
1985.7856	
1981.0484	
1997.4704	
2008.9974	
2005.6024	
2021.6296	
2054.3942	
2061.0262	
	
------------------------- 	
	
16.9746	
262.5134	
290.699	
179.6932	
174.4826	
123.559	
126.717	
152.5342	
186.1674	
183.799	
203.2208	
223.9062	
251.3812	
261.329	
2175.2688	
316.5162	
327.0958	
341.7806	
360.1762	
382.1248	
200.3788	
202.0366	
216.09	
219.248	
232.6696	
232.5908	
249.0128	
251.2232	
264.961	
268.9874	
278.3038	
287.1462	
295.9098	
304.5154	
313.9108	
348.0966	
334.517	
349.5178	
350.2284	
358.992	
375.177	
377.0718	
398.7046	
411.1	
414.179	
419.7846	
435.338	
431.0746	
447.023	
450.4176	
465.1028	
474.8138	
481.9984	
489.5776	
502.8414	
506.71	
516.8948	
546.5016	
538.1328	
547.2122	
551.5544	
566.5552	
567.7394	
597.0306	
594.0304	
595.5304	
657.8232	
855.0438	
1099.5562	
1114.7938	
1130.742	
1144.3216	
1161.9278	
1179.9286	
1191.5344	
1200.8508	
1233.4576	
1240.958	
1263.4594	
1274.5124	
1286.513	
1311.4618	
1322.7518	
1342.7264	
1356.543	
1367.4382	
1400.361	
1407.4666	
1422.7832	
1430.6784	
1456.1796	
1473.8648	
1448.1266	
1906.8342	
868.0706	
877.7026	
886.782	
897.9142	
910.1516	
920.1784	
929.8108	
939.2846	
962.2598	
959.1016	
965.102	
972.6022	
1000.2352	
989.4188	
994.3138	
1009.0778	
1012.3938	
1021.2364	
1032.3684	
1045.0796	
1059.054	
1069.5546	
1071.0546	
1073.4232	
1093.8716	
1101.1352	
1102.4774	
1113.4516	
1124.9784	
1135.716	
1148.1112	
1153.0062	
1161.0592	
1172.665	
1185.4552	
1192.1662	
1208.9038	
3675.1878	
1223.194	
1234.1682	
1240.6424	
1250.3534	
1262.0382	
1271.1176	
1284.6972	
1298.1978	
1318.3304	
1333.0944	
1341.4632	
1346.2792	
1357.8062	
1386.4654	
1404.4664	
1400.9136	
1475.7596	
1400.519	
1414.3354	
1430.0466	
1430.1258	
1445.1264	
1453.3374	
1472.9174	
1472.9172	
1484.5232	
1503.1558	
1653.3212	
2684.6632	
2806.8012	
2835.2236	
2855.83	
2874.0678	
2905.8852	
2914.8858	
2943.782	
2957.6772	
2984.3628	
3012.1538	
3040.5764	
3058.0246	
2161.3734	
1672.6644	
1687.5862	
1693.7444	
1703.7712	
1715.5348	
1746.247	
1739.5362	
1751.063	
1755.0106	
1770.4852	
1780.512	
1807.829	
1829.067	
1820.1454	
1820.4614	
1827.3302	
1843.752	
1852.7524	
1872.806	
1876.28	
1876.122	
1887.0964	
1901.7022	
1913.0712	
1915.7556	
1935.4146	
